// Generated with Anaxi Tile Downloader

lat_north = 42.36209556053165
lat_south = 42.35144002917416
lon_east  = -71.07192993164062
lon_west  = -71.10145568847656
datum_lat = 42.358436
datum_lon = -71.087448
